a,b,c
0,0,0
0,1,24.21895316
0,2,21.36071047
0,3,34.08473451
0,4,17.9334995
0,5,16.69014967
0,6,31.4376314
0,7,15.97801665
0,8,15.97801665
0,9,33.84182557
0,10,27.10492087
0,11,0
0,12,29.41796429
0,13,33.40107214
0,14,31.41051834
0,15,19.04151174
0,16,31.06523951
0,17,15.93531925
0,18,13.3966915
0,19,21.07171981
0,20,9.252992998
0,21,15.51788485
0,22,28.22681232
0,23,13.76720773
0,24,13.76720773
0,25,21.5227992
0,26,22.37148201
0,27,17.00187647
0,28,15.5442844
0,29,33.9353571
0,30,29.86498052
0,31,18.31597953
0,32,36.66989494
0,33,8.780934097
0,34,41.42365484
0,35,33.40107214
0,36,15.07856441
0,37,26.31373676
0,38,9.341235824
0,39,34.29361068
0,40,33.04174366
0,41,15.51788485
0,42,23.10817294
0,43,0.874767653
0,44,23.29980028
0,45,13.74783766
0,46,21.17658673
0,47,17.93802307
0,48,37.27901526
0,49,23.29980028
0,50,22.56706391
0,51,46.47269324
0,52,22.00887112
0,53,20.22578022
0,54,22.16519008
0,55,10.69141552
0,56,17.29639523
0,57,28.59471779
0,58,22.21096376
0,59,40.33110981
0,60,0.874767653
0,61,23.29980028
0,62,36.44364689
0,63,22.16519008
0,64,22.16519008
0,65,36.44364689
0,66,17.9334995
0,67,31.41051834
0,68,36.44364689
0,69,18.63521652
0,70,13.74783766
0,71,31.41051834
0,72,9.302605922
0,73,16.59510483
0,74,30.8858415
0,75,29.1970838
0,76,9.255684499
0,77,28.71536197
0,78,16.86090733
0,79,28.71536197
0,80,20.18423373
0,81,29.85257995
0,82,10.76600705
0,83,21.92670554
0,84,21.43896051
0,85,30.15490938
0,86,30.15490938
0,87,26.72635751
0,88,36.44364689
0,89,33.48617765
0,90,16.08873791
0,91,23.29980028
0,92,12.68108242
0,93,12.68108242
0,94,24.97666408
0,95,19.5424816
0,96,11.43941868
0,97,15.97801665
0,98,41.26021239
0,99,31.41051834
0,100,22.37148201
0,101,15.85685733
0,102,31.5138293
0,103,36.82541634
0,104,9.341235824
0,105,40.33110981
0,106,22.37148201
0,107,13.74783766
0,108,22.37148201
1,0,24.21895316
1,1,0
1,2,6.165936927
1,3,10.87000516
1,4,13.13089824
1,5,17.31478469
1,6,8.331516333
1,7,20.45944992
1,8,20.45944992
1,9,11.35994232
1,10,8.828700991
1,11,24.21895316
1,12,7.397759295
1,13,55.91850508
1,14,20.09569956
1,15,9.515975557
1,16,19.2776503
1,17,9.065088677
1,18,24.83071119
1,19,4.248717694
1,20,24.90588282
1,21,8.881452643
1,22,16.50624993
1,23,24.53907432
1,24,24.53907432
1,25,17.92440146
1,26,13.48985784
1,27,15.59142372
1,28,8.685700482
1,29,11.00121894
1,30,10.12459881
1,31,16.3027516
1,32,20.94846972
1,33,19.44422231
1,34,21.20807652
1,35,55.91850508
1,36,12.8914713
1,37,2.532837915
1,38,18.96879692
1,39,20.91547311
1,40,10.24925925
1,41,8.881452643
1,42,5.974233556
1,43,24.93767362
1,44,2.108237626
1,45,26.14943558
1,46,11.36385131
1,47,13.47673229
1,48,17.73401677
1,49,2.108237626
1,50,9.789473684
1,51,39.54007097
1,52,4.938270731
1,53,6.673216354
1,54,13.3953566
1,55,14.40000768
1,56,15.24645054
1,57,4.977413486
1,58,3.80307818
1,59,31.79006862
1,60,24.93767362
1,61,2.108237626
1,62,20.66596142
1,63,13.3953566
1,64,13.3953566
1,65,20.66596142
1,66,13.13089824
1,67,20.09569956
1,68,20.66596142
1,69,8.459047989
1,70,26.14943558
1,71,20.09569956
1,72,22.42649014
1,73,22.3971744
1,74,7.781375191
1,75,5.508027978
1,76,25.28301887
1,77,4.923696686
1,78,22.45487935
1,79,4.923696686
1,80,11.333952
1,81,9.349128001
1,82,16.88974489
1,83,12.02999988
1,84,18.16352576
1,85,9.437302759
1,86,9.437302759
1,87,3.197123205
1,88,20.66596142
1,89,10.18667112
1,90,10.62349648
1,91,2.108237626
1,92,11.8240934
1,93,11.8240934
1,94,3.310762872
1,95,8.398403382
1,96,13.4674543
1,97,20.45944992
1,98,33.22601008
1,99,20.09569956
1,100,13.48985784
1,101,8.881567674
1,102,12.2259778
1,103,23.60998666
1,104,18.96879692
1,105,31.79006862
1,106,13.48985784
1,107,26.14943558
1,108,13.48985784
2,0,21.36071047
2,1,6.165936927
2,2,0
2,3,16.63495359
2,4,7.111226927
2,5,11.36118306
2,6,14.25690173
2,7,22.0297751
2,8,22.0297751
2,9,17.34953278
2,10,14.654552
2,11,21.36071047
2,12,13.55369054
2,13,54.34576911
2,14,25.41731237
2,15,3.547244456
2,16,24.63775186
2,17,9.538354165
2,18,19.36281258
2,19,2.441991459
2,20,20.09563859
2,21,8.395717602
2,22,21.66082546
2,23,19.01157642
2,24,19.01157642
2,25,21.26886435
2,26,17.51780003
2,27,17.73346258
2,28,7.04139602
2,29,16.87336957
2,30,16.23378
2,31,10.20204571
2,32,26.93021003
2,33,14.91569519
2,34,27.33715964
2,35,54.34576911
2,36,7.606397247
2,37,8.591446779
2,38,18.52304894
2,39,26.6073768
2,40,16.19488309
2,41,8.395717602
2,42,1.756449044
2,43,21.94302751
2,44,4.076295405
2,45,20.6871754
2,46,15.16661016
2,47,7.444808973
2,48,23.89985589
2,49,4.076295405
2,50,14.20787294
2,51,44.78443671
2,52,1.2484403
2,53,1.135292212
2,54,17.36890721
2,55,10.71748192
2,56,17.49913245
2,57,10.89155814
2,58,8.274405607
2,59,37.10329885
2,60,21.94302751
2,61,4.076295405
2,62,26.64760391
2,63,17.36890721
2,64,17.36890721
2,65,26.64760391
2,66,7.111226927
2,67,25.41731237
2,68,26.64760391
2,69,11.00574715
2,70,20.6871754
2,71,25.41731237
2,72,22.01895508
2,73,16.49000955
2,74,13.73418019
2,75,11.33553435
2,76,20.48534236
2,77,10.73168091
2,78,24.08385897
2,79,10.73168091
2,80,5.1681146
2,81,15.49709943
2,82,12.20795818
2,83,16.04547696
2,84,21.46006297
2,85,15.59607529
2,86,15.59607529
2,87,9.29040749
2,88,26.64760391
2,89,15.94183053
2,90,5.634940056
2,91,4.076295405
2,92,10.75653237
2,93,10.75653237
2,94,9.275053214
2,95,2.461848343
2,96,9.92413645
2,97,22.0297751
2,98,38.49902192
2,99,25.41731237
2,100,17.51780003
2,101,9.061330464
2,102,18.34611129
2,103,29.36386735
2,104,18.52304894
2,105,37.10329885
2,106,17.51780003
2,107,20.6871754
2,108,17.51780003
3,0,34.08473451
3,1,10.87000516
3,2,16.63495359
3,3,0
3,4,23.74601875
3,5,27.99162052
3,6,2.660318605
3,7,26.16333251
3,8,26.16333251
3,9,1.791958713
3,10,8.6468633
3,11,34.08473451
3,12,4.823324334
3,13,63.92442704
3,14,17.50935187
3,15,20.15765991
3,16,16.70498533
3,17,18.16174259
3,18,35.69654251
3,19,15.08153788
3,20,35.70012715
3,21,18.63083806
3,22,15.40334434
3,23,35.39855886
3,24,35.39855886
3,25,21.13057626
3,26,16.48602873
3,27,21.31570331
3,28,19.00428977
3,29,0.736842105
3,30,6.491938855
3,31,26.80180214
3,32,14.76453259
3,33,30.20354055
3,34,11.46819199
3,35,63.92442704
3,36,23.7536649
3,37,8.355766347
3,38,27.20478363
3,39,16.52873901
3,40,1.352379517
3,41,18.63083806
3,42,15.80006939
3,43,34.87157219
3,44,12.70508834
3,45,37.01638835
3,46,15.62668653
3,47,24.07961019
3,48,9.211508659
3,49,12.70508834
3,50,13.53058313
3,51,35.37002124
3,52,15.39730718
3,53,17.36468193
3,54,16.54204495
3,55,25.00553955
3,56,20.8870539
3,57,5.895286205
3,58,11.88604163
3,59,27.82548004
3,60,34.87157219
3,61,12.70508834
3,62,14.5244003
3,63,16.54204495
3,64,16.54204495
3,65,14.5244003
3,66,23.74601875
3,67,17.50935187
3,68,14.5244003
3,69,15.85362596
3,70,37.01638835
3,71,17.50935187
3,72,30.31335693
3,73,33.11444022
3,74,3.223054737
3,75,5.36728938
3,76,36.07230905
3,77,5.962565167
3,78,27.82054373
3,79,5.962565167
3,80,21.62827975
3,81,5.691858656
3,82,27.7063724
3,83,15.5963425
3,84,21.41318091
3,85,5.350793235
3,86,5.350793235
3,87,7.753732581
3,88,14.5244003
3,89,0.693123066
3,90,21.4920208
3,91,12.70508834
3,92,21.40494223
3,93,21.40494223
3,94,9.144268138
3,95,19.04363125
3,96,24.06236051
3,97,26.16333251
3,98,29.30707252
3,99,17.50935187
3,100,16.48602873
3,101,18.22843216
3,102,6.971221464
3,103,18.50805412
3,104,27.20478363
3,105,27.82548004
3,106,16.48602873
3,107,37.01638835
3,108,16.48602873
4,0,17.9334995
4,1,13.13089824
4,2,7.111226927
4,3,23.74601875
4,4,0
4,5,4.257679885
4,6,21.35078349
4,7,23.80135093
4,8,23.80135093
4,9,24.43305617
4,10,21.03771651
4,11,17.9334995
4,12,20.51256089
4,13,51.30853208
4,14,30.9518376
4,15,3.615826537
4,16,30.23521122
4,17,12.51580718
4,18,12.60048374
4,19,8.940799379
4,20,14.1227526
4,21,10.96078334
4,22,27.11893071
4,23,12.1920976
4,24,12.1920976
4,25,24.92983542
4,26,22.1141395
4,27,20.5319933
4,28,9.189721066
4,29,23.97842404
4,30,22.94156533
4,31,3.238529612
4,32,33.30819763
4,33,9.773965893
4,34,34.33389878
4,35,51.30853208
4,36,3.144544049
4,37,15.62675317
4,38,18.44386687
4,39,32.57059914
4,40,23.28784539
4,41,10.96078334
4,42,8.168331753
4,43,18.28677468
4,44,11.11166094
4,45,13.90781665
4,46,19.78246898
4,47,0.352733624
4,48,30.77654419
4,49,11.11166094
4,50,19.42895263
4,51,49.93371734
4,52,8.350051291
4,53,6.457690598
4,54,21.92793613
4,55,8.038007786
4,56,20.43395809
4,57,17.97821985
4,58,14.3375038
4,59,42.42686348
4,60,18.28677468
4,61,11.11166094
4,62,33.02794263
4,63,21.92793613
4,64,21.92793613
4,65,33.02794263
4,66,0
4,67,30.9518376
4,68,33.02794263
4,69,15.26988343
4,70,13.90781665
4,71,30.9518376
4,72,21.5795954
4,73,9.389989244
4,74,20.82149958
4,75,18.43604708
4,76,14.51149668
4,77,17.83217519
4,78,25.75342028
4,79,17.83217519
4,80,2.682762629
4,81,22.29856878
4,82,7.259533802
4,83,20.75695072
4,84,25.05972152
4,85,22.43350176
4,86,22.43350176
4,87,16.31430509
4,88,33.02794263
4,89,23.05289776
4,90,4.04507142
4,91,11.11166094
4,92,11.70280354
4,93,11.70280354
4,94,15.98323463
4,95,4.735224638
4,96,7.813423283
4,97,23.80135093
4,98,43.75302074
4,99,30.9518376
4,100,22.1141395
4,101,11.9579966
4,102,25.05487723
4,103,35.37373405
4,104,18.44386687
4,105,42.42686348
4,106,22.1141395
4,107,13.90781665
4,108,22.1141395
5,0,16.69014967
5,1,17.31478469
5,2,11.36118306
5,3,27.99162052
5,4,4.257679885
5,5,0
5,6,25.57698564
5,7,25.47719396
5,8,25.47719396
5,9,28.64970202
5,10,24.93833108
5,11,16.69014967
5,12,24.66545015
5,13,49.58255743
5,14,34.36866414
5,15,7.836209139
5,16,33.6894354
5,17,15.42797179
5,18,8.656139496
5,19,13.08618955
5,20,10.94851599
5,21,13.88010385
5,22,30.53977114
5,23,8.193827426
5,24,8.193827426
5,25,27.53372108
5,26,25.22822138
5,27,22.86070537
5,28,12.20979802
5,29,28.21379723
5,30,26.96971894
5,31,1.918364656
5,32,37.12878264
5,33,7.922740115
5,34,38.4861831
5,35,49.58255743
5,36,5.247318731
5,37,19.82766979
5,38,19.36476533
5,39,36.18652747
5,40,27.5123035
5,41,13.88010385
5,42,12.40965052
5,43,16.84960404
5,44,15.32785519
5,45,9.920671465
5,46,22.9681721
5,47,3.937483517
5,48,34.864073
5,49,15.32785519
5,50,22.87824201
5,51,53.0260273
5,52,12.59467669
5,53,10.65708249
5,54,25.02991273
5,55,8.815726985
5,56,22.83264417
5,57,22.20178989
5,58,18.22344469
5,59,45.65192055
5,60,16.84960404
5,61,15.32785519
5,62,36.85091831
5,63,25.02991273
5,64,25.02991273
5,65,36.85091831
5,66,4.257679885
5,67,34.36866414
5,68,36.85091831
5,69,18.48829405
5,70,9.920671465
5,71,34.36866414
5,72,22.10546447
5,73,5.132321134
5,74,25.04320072
5,75,22.66916863
5,76,11.31671577
5,77,22.06562425
5,78,27.30742118
5,79,22.06562425
5,80,6.69894028
5,81,26.37231186
5,82,6.268295959
5,83,23.95663486
5,84,27.63025956
5,85,26.5232985
5,86,26.5232985
5,87,20.50840293
5,88,36.85091831
5,89,27.29857576
5,90,7.308792596
5,91,15.32785519
5,92,13.82461755
5,93,13.82461755
5,94,20.05810696
5,95,8.953617926
5,96,9.054779135
5,97,25.47719396
5,98,46.93340566
5,99,34.36866414
5,100,25.22822138
5,101,14.89318446
5,102,29.07383856
5,103,38.99669551
5,104,19.36476533
5,105,45.65192055
5,106,25.22822138
5,107,9.920671465
5,108,25.22822138
6,0,31.4376314
6,1,8.331516333
6,2,14.25690173
6,3,2.660318605
6,4,21.35078349
6,5,25.57698564
6,6,0
6,7,23.95838097
6,8,23.95838097
6,9,3.107509487
6,10,6.720252815
6,11,31.4376314
6,12,2.466942345
6,13,61.50338306
6,14,16.86349332
6,15,17.74336453
6,16,16.02778826
6,17,15.5241747
6,18,33.15429775
6,19,12.57285197
6,20,33.0793839
6,21,15.97298704
6,22,14.28167246
6,23,32.86764065
6,24,32.86764065
6,25,19.26497059
6,26,14.52748479
6,27,19.04600289
6,28,16.34822747
6,29,2.674856521
6,30,5.227310516
6,31,24.45660563
6,32,15.16078318
6,33,27.57611525
6,34,13.2793011
6,35,61.50338306
6,36,21.22036718
6,37,5.799606858
6,38,24.67897446
6,39,16.38119779
6,40,1.937994695
6,41,15.97298704
6,42,13.56055429
6,43,32.2215684
6,44,10.25026447
6,45,34.4712377
6,46,13.42991223
6,47,21.68981203
6,48,10.37351558
6,49,10.25026447
6,50,11.32038014
6,51,35.44495775
6,52,13.01011146
6,53,14.92269654
6,54,14.55910739
6,55,22.3594817
6,56,18.62220704
6,57,3.375854275
6,58,9.231700167
6,59,27.77155664
6,60,32.2215684
6,61,10.25026447
6,62,14.8980635
6,63,14.55910739
6,64,14.55910739
6,65,14.8980635
6,66,21.35078349
6,67,16.86349332
6,68,14.8980635
6,69,13.30194236
6,70,34.4712377
6,71,16.86349332
6,72,27.84046275
6,73,30.68442168
6,74,0.566037736
6,75,2.927992479
6,76,33.44993223
6,77,3.52988725
6,78,25.68485072
6,79,3.52988725
6,80,19.33270897
6,81,4.212265665
6,82,25.09753826
6,83,13.5069805
6,84,19.54564903
6,85,3.950325724
6,86,3.950325724
6,87,5.163471455
6,88,14.8980635
6,89,2.049851851
6,90,18.94655973
6,91,10.25026447
6,92,18.7566587
6,93,18.7566587
6,94,6.484669792
6,95,16.62444203
6,96,21.41612913
6,97,23.95838097
6,98,29.25700884
6,99,16.86349332
6,100,14.52748479
6,101,15.58083628
6,102,6.476944806
6,103,18.6402944
6,104,24.67897446
6,105,27.77155664
6,106,14.52748479
6,107,34.4712377
6,108,14.52748479
7,0,15.97801665
7,1,20.45944992
7,2,22.0297751
7,3,26.16333251
7,4,23.80135093
7,5,25.47719396
7,6,23.95838097
7,7,0
7,8,0
7,9,25.14778826
7,10,17.56107724
7,11,15.97801665
7,12,21.4978753
7,13,38.22968047
7,14,16.80432575
7,15,22.23055275
7,16,16.69944029
7,17,12.49297903
7,18,27.01136084
7,19,20.12648043
7,20,23.83456362
7,21,13.70940544
7,22,14.52541422
7,23,27.15977307
7,24,27.15977307
7,25,6.617183002
7,26,10.0045794
7,27,4.986084265
7,28,15.32019523
7,29,25.70424738
7,30,20.10341108
7,31,26.14850233
7,32,23.01160572
7,33,20.08610832
7,34,29.61857191
7,35,38.22968047
7,36,20.86514105
7,37,21.18672145
7,38,7.023208852
7,39,20
7,40,24.84177514
7,41,13.70940544
7,42,23.45380047
7,43,16.79494041
7,44,21.02433175
7,45,27.84752974
7,46,10.54118813
7,47,24.04029993
7,48,25.59778293
7,49,21.02433175
7,50,12.64677395
7,51,30.50252122
7,52,21.77599762
7,53,21.23620246
7,54,9.887718231
7,55,16.68082465
7,56,5.388621054
7,57,22.50235292
7,58,16.78294861
7,59,24.44722566
7,60,16.79494041
7,61,21.02433175
7,62,22.84305713
7,63,9.887718231
7,64,9.887718231
7,65,22.84305713
7,66,23.80135093
7,67,16.80432575
7,68,22.84305713
7,69,12.00046862
7,70,27.84752974
7,71,16.80432575
7,72,7.070508965
7,73,28.24117602
7,74,23.54469998
7,75,23.02888707
7,76,24.00024294
7,77,22.8269702
7,78,2.054872042
7,79,22.8269702
7,80,24.52704153
7,81,20.62436377
7,82,19.83639492
7,83,10.61148137
7,84,6.418547867
7,85,20.97707122
7,86,20.97707122
7,87,21.17129458
7,88,22.84305713
7,89,25.79088877
7,90,19.91709192
7,91,21.02433175
7,92,12.12326253
7,93,12.12326253
7,94,18.94719992
7,95,21.87935209
7,96,16.43897634
7,97,0
7,98,25.32308889
7,99,16.80432575
7,100,10.0045794
7,101,12.97087209
7,102,20.92211336
7,103,22.15663509
7,104,7.023208852
7,105,24.44722566
7,106,10.0045794
7,107,27.84752974
7,108,10.0045794
8,0,15.97801665
8,1,20.45944992
8,2,22.0297751
8,3,26.16333251
8,4,23.80135093
8,5,25.47719396
8,6,23.95838097
8,7,0
8,8,0
8,9,25.14778826
8,10,17.56107724
8,11,15.97801665
8,12,21.4978753
8,13,38.22968047
8,14,16.80432575
8,15,22.23055275
8,16,16.69944029
8,17,12.49297903
8,18,27.01136084
8,19,20.12648043
8,20,23.83456362
8,21,13.70940544
8,22,14.52541422
8,23,27.15977307
8,24,27.15977307
8,25,6.617183002
8,26,10.0045794
8,27,4.986084265
8,28,15.32019523
8,29,25.70424738
8,30,20.10341108
8,31,26.14850233
8,32,23.01160572
8,33,20.08610832
8,34,29.61857191
8,35,38.22968047
8,36,20.86514105
8,37,21.18672145
8,38,7.023208852
8,39,20
8,40,24.84177514
8,41,13.70940544
8,42,23.45380047
8,43,16.79494041
8,44,21.02433175
8,45,27.84752974
8,46,10.54118813
8,47,24.04029993
8,48,25.59778293
8,49,21.02433175
8,50,12.64677395
8,51,30.50252122
8,52,21.77599762
8,53,21.23620246
8,54,9.887718231
8,55,16.68082465
8,56,5.388621054
8,57,22.50235292
8,58,16.78294861
8,59,24.44722566
8,60,16.79494041
8,61,21.02433175
8,62,22.84305713
8,63,9.887718231
8,64,9.887718231
8,65,22.84305713
8,66,23.80135093
8,67,16.80432575
8,68,22.84305713
8,69,12.00046862
8,70,27.84752974
8,71,16.80432575
8,72,7.070508965
8,73,28.24117602
8,74,23.54469998
8,75,23.02888707
8,76,24.00024294
8,77,22.8269702
8,78,2.054872042
8,79,22.8269702
8,80,24.52704153
8,81,20.62436377
8,82,19.83639492
8,83,10.61148137
8,84,6.418547867
8,85,20.97707122
8,86,20.97707122
8,87,21.17129458
8,88,22.84305713
8,89,25.79088877
8,90,19.91709192
8,91,21.02433175
8,92,12.12326253
8,93,12.12326253
8,94,18.94719992
8,95,21.87935209
8,96,16.43897634
8,97,0
8,98,25.32308889
8,99,16.80432575
8,100,10.0045794
8,101,12.97087209
8,102,20.92211336
8,103,22.15663509
8,104,7.023208852
8,105,24.44722566
8,106,10.0045794
8,107,27.84752974
8,108,10.0045794
9,0,33.84182557
9,1,11.35994232
9,2,17.34953278
9,3,1.791958713
9,4,24.43305617
9,5,28.64970202
9,6,3.107509487
9,7,25.14778826
9,8,25.14778826
9,9,0
9,10,7.594766096
9,11,33.84182557
9,12,4.445193399
9,13,63.10895033
9,14,15.78099852
9,15,20.82149958
9,16,14.98501572
9,17,17.91487129
9,18,36.13263512
9,19,15.60865897
9,20,35.9230604
9,21,18.52678474
9,22,13.81074953
9,23,35.85830265
9,24,35.85830265
9,25,19.86588708
9,26,15.31611614
9,27,20.38632273
9,28,19.06387043
9,29,1.056850607
9,30,5.140520965
9,31,27.55133243
9,32,12.98904234
9,33,30.40643906
9,34,10.2074208
9,35,63.10895033
9,36,24.21888964
9,37,8.83102048
9,38,26.6093824
9,39,14.74167272
9,40,1.197051681
9,41,18.52678474
9,42,16.66798262
9,43,34.64736989
9,44,13.32331238
9,45,37.44546849
9,46,14.66489546
9,47,24.77368193
9,48,7.586411401
9,49,13.32331238
9,50,12.60682141
9,51,33.58111771
9,52,16.10168995
9,53,17.99262061
9,54,15.38979703
9,55,25.1261109
9,56,19.95480469
9,57,6.458036093
9,58,11.79668033
9,59,26.03352441
9,60,34.64736989
9,61,13.32331238
9,62,12.74641381
9,63,15.38979703
9,64,15.38979703
9,65,12.74641381
9,66,24.43305617
9,67,15.78099852
9,68,12.74641381
9,69,15.36972375
9,70,37.44546849
9,71,15.78099852
9,72,29.61551014
9,73,33.74801028
9,74,3.615826537
9,75,6.033762429
9,76,36.28874672
9,77,6.634074111
9,78,26.73583821
9,79,6.634074111
9,80,22.43694642
9,81,4.52350015
9,82,27.9794698
9,83,14.53788182
9,84,20.14841608
9,85,4.170833215
9,86,4.170833215
9,87,8.165459916
9,88,12.74641381
9,89,2.137661742
9,90,21.93578036
9,91,13.32331238
9,92,21.20168714
9,93,21.20168714
9,94,9.166066406
9,95,19.70179582
9,96,24.18395408
9,97,25.14778826
9,98,27.51511794
9,99,15.78099852
9,100,15.31611614
9,101,18.03576211
9,102,5.294944764
9,103,16.71804435
9,104,26.6093824
9,105,26.03352441
9,106,15.31611614
9,107,37.44546849
9,108,15.31611614
10,0,27.10492087
10,1,8.828700991
10,2,14.654552
10,3,8.6468633
10,4,21.03771651
10,5,24.93833108
10,6,6.720252815
10,7,17.56107724
10,8,17.56107724
10,9,7.594766096
10,10,0
10,11,27.10492087
10,12,4.327696943
10,13,55.53852399
10,14,11.48840655
10,15,17.56351297
10,16,10.6486189
10,17,11.53867167
10,18,31.34984441
10,19,12.32409959
10,20,30.4204738
10,21,12.54682697
10,22,8.215402733
10,23,31.16695975
10,24,31.16695975
10,25,12.556314
10,26,7.853044935
10,27,12.79592749
10,28,13.5882127
10,29,8.15285692
10,30,2.786014783
10,31,24.27610419
10,32,12.30195701
10,33,24.94906874
10,34,14.49334021
10,35,55.53852399
10,36,19.92282019
10,37,7.250759322
10,38,19.28736883
10,39,12.08831183
10,40,7.307012976
10,41,12.54682697
10,42,14.76544199
10,43,27.94436104
10,44,10.84701578
10,45,32.61285985
10,46,7.073023497
10,47,21.39022361
10,48,10.44854371
10,49,10.84701578
10,50,5.039042029
10,51,30.8557696
10,52,13.52379517
10,53,14.84046803
10,54,7.901518201
10,55,19.55527318
10,56,12.36410411
10,57,6.747402536
10,58,6.716282849
10,59,23.09055716
10,60,27.94436104
10,61,10.84701578
10,62,12.02005213
10,63,7.901518201
10,64,7.901518201
10,65,12.02005213
10,66,21.03771651
10,67,11.48840655
10,68,12.02005213
10,69,8.491218521
10,70,32.61285985
10,71,11.48840655
10,72,22.15516176
10,73,29.77559864
10,74,6.436133378
10,75,7.011128612
10,76,30.75963732
10,77,7.167834854
10,78,19.18280853
10,79,7.167834854
10,80,19.70581972
10,81,3.077441613
10,82,22.82395968
10,83,6.961443148
10,84,12.83776378
10,85,3.428568485
10,86,3.428568485
10,87,6.698596022
10,88,12.02005213
10,89,8.339748989
10,90,17.68522867
10,91,10.84701578
10,92,14.8014394
10,93,14.8014394
10,94,5.517938119
10,95,16.51289625
10,96,18.65145697
10,97,17.56107724
10,98,24.54559777
10,99,11.48840655
10,100,7.853044935
10,101,11.81245055
10,102,4.494770033
10,103,14.78461333
10,104,19.28736883
10,105,23.09055716
10,106,7.853044935
10,107,32.61285985
10,108,7.853044935
11,0,0
11,1,24.21895316
11,2,21.36071047
11,3,34.08473451
11,4,17.9334995
11,5,16.69014967
11,6,31.4376314
11,7,15.97801665
11,8,15.97801665
11,9,33.84182557
11,10,27.10492087
11,11,0
11,12,29.41796429
11,13,33.40107214
11,14,31.41051834
11,15,19.04151174
11,16,31.06523951
11,17,15.93531925
11,18,13.3966915
11,19,21.07171981
11,20,9.252992998
11,21,15.51788485
11,22,28.22681232
11,23,13.76720773
11,24,13.76720773
11,25,21.5227992
11,26,22.37148201
11,27,17.00187647
11,28,15.5442844
11,29,33.9353571
11,30,29.86498052
11,31,18.31597953
11,32,36.66989494
11,33,8.780934097
11,34,41.42365484
11,35,33.40107214
11,36,15.07856441
11,37,26.31373676
11,38,9.341235824
11,39,34.29361068
11,40,33.04174366
11,41,15.51788485
11,42,23.10817294
11,43,0.874767653
11,44,23.29980028
11,45,13.74783766
11,46,21.17658673
11,47,17.93802307
11,48,37.27901526
11,49,23.29980028
11,50,22.56706391
11,51,46.47269324
11,52,22.00887112
11,53,20.22578022
11,54,22.16519008
11,55,10.69141552
11,56,17.29639523
11,57,28.59471779
11,58,22.21096376
11,59,40.33110981
11,60,0.874767653
11,61,23.29980028
11,62,36.44364689
11,63,22.16519008
11,64,22.16519008
11,65,36.44364689
11,66,17.9334995
11,67,31.41051834
11,68,36.44364689
11,69,18.63521652
11,70,13.74783766
11,71,31.41051834
11,72,9.302605922
11,73,16.59510483
11,74,30.8858415
11,75,29.1970838
11,76,9.255684499
11,77,28.71536197
11,78,16.86090733
11,79,28.71536197
11,80,20.18423373
11,81,29.85257995
11,82,10.76600705
11,83,21.92670554
11,84,21.43896051
11,85,30.15490938
11,86,30.15490938
11,87,26.72635751
11,88,36.44364689
11,89,33.48617765
11,90,16.08873791
11,91,23.29980028
11,92,12.68108242
11,93,12.68108242
11,94,24.97666408
11,95,19.5424816
11,96,11.43941868
11,97,15.97801665
11,98,41.26021239
11,99,31.41051834
11,100,22.37148201
11,101,15.85685733
11,102,31.5138293
11,103,36.82541634
11,104,9.341235824
11,105,40.33110981
11,106,22.37148201
11,107,13.74783766
11,108,22.37148201
12,0,29.41796429
12,1,7.397759295
12,2,13.55369054
12,3,4.823324334
12,4,20.51256089
12,5,24.66545015
12,6,2.466942345
12,7,21.4978753
12,8,21.4978753
12,9,4.445193399
12,10,4.327696943
12,11,29.41796429
12,12,0
12,13,59.12036706
12,14,15.07655845
12,15,16.9019496
12,16,14.2305536
12,17,13.4843101
12,18,31.89607475
12,19,11.58157656
12,20,31.5491646
12,21,14.08180567
12,22,12.21103951
12,23,31.64209928
12,24,31.64209928
12,25,16.82939545
12,26,12.07874558
12,27,16.59569419
12,28,14.64686949
12,29,4.550263822
12,30,3.473781442
12,31,23.69687505
12,32,14.24846495
12,33,26.028682
12,34,13.82291502
12,35,59.12036706
12,36,20.04307323
12,37,5.001809348
12,38,22.38393536
12,39,14.98074742
12,40,3.645831113
12,41,14.08180567
12,42,13.1514843
12,43,30.21905524
12,44,9.477939051
12,45,33.20104671
12,46,10.96533593
12,47,20.86023516
12,48,10.36783302
12,49,9.477939051
12,50,8.855940019
12,51,34.05642795
12,52,12.31533226
12,53,14.05936618
12,54,12.10585901
12,55,20.7206242
12,56,16.17060581
12,57,3.218066689
12,58,7.358490566
12,59,26.32100754
12,60,30.21905524
12,61,9.477939051
12,62,13.97262926
12,63,12.10585901
12,64,12.10585901
12,65,13.97262926
12,66,20.51256089
12,67,15.07655845
12,68,13.97262926
12,69,11.0476097
12,70,33.20104671
12,71,15.07655845
12,72,25.49234456
12,73,29.71361443
12,74,2.117501107
12,75,3.195083097
12,76,31.91149931
12,77,3.595356774
12,78,23.21866257
12,79,3.595356774
12,80,18.71703637
12,81,2.435668
12,82,23.64271406
12,83,11.04175002
12,84,17.10928388
12,85,2.347132007
12,86,2.347132007
12,87,4.296459196
12,88,13.97262926
12,89,4.347381596
12,90,17.75175986
12,91,9.477939051
12,92,16.76449159
12,93,16.76449159
12,94,4.791560526
12,95,15.78728758
12,96,19.78010161
12,97,21.4978753
12,98,27.80063318
12,99,15.07655845
12,100,12.07874558
12,101,13.59529099
12,102,5.28579205
12,103,17.43006987
12,104,22.38393536
12,105,26.32100754
12,106,12.07874558
12,107,33.20104671
12,108,12.07874558
13,0,33.40107214
13,1,55.91850508
13,2,54.34576911
13,3,63.92442704
13,4,51.30853208
13,5,49.58255743
13,6,61.50338306
13,7,38.22968047
13,8,38.22968047
13,9,63.10895033
13,10,55.53852399
13,11,33.40107214
13,12,59.12036706
13,13,0
13,14,53.72351
13,15,52.35570958
13,16,53.88386432
13,17,46.8654796
13,18,43.46610497
13,19,53.60426817
13,20,39.4358946
13,21,47.12060601
13,22,52.35004955
13,23,44.01276184
13,24,44.01276184
13,25,44.45477162
13,26,48.22678391
13,27,42.75764155
13,28,47.7757316
13,29,63.55022849
13,30,58.19614854
13,31,51.36407249
13,32,60.35975499
13,33,41.77984197
13,34,67.66160208
13,35,0
13,36,48.4787082
13,37,57.50250213
13,38,37.03134141
13,39,56.97731241
13,40,62.65784554
13,41,47.12060601
13,42,56.10016565
13,43,33.02176475
13,44,55.53039294
13,45,42.97825366
13,46,48.47393268
13,47,51.29546707
13,48,63.73241208
13,49,55.53039294
13,50,50.50590034
13,51,58.82342882
13,52,54.80577411
13,53,53.22899333
13,54,48.10244945
13,55,43.95300363
13,56,43.18967344
13,57,59.38887024
13,58,52.96400439
13,59,56.5376323
13,60,33.02176475
13,61,55.53039294
13,62,60.2439343
13,63,48.10244945
13,64,48.10244945
13,65,60.2439343
13,66,51.30853208
13,67,53.72351
13,68,60.2439343
13,69,48.32834111
13,70,42.97825366
13,71,53.72351
13,72,33.70647136
13,73,47.93975765
13,74,61.0231068
13,75,59.97526648
13,76,39.16084758
13,77,59.62720486
13,78,36.98953897
13,79,59.62720486
13,80,53.58468398
13,81,58.6140239
13,82,44.07584585
13,83,48.71393907
13,84,44.20120737
13,85,58.96354925
13,86,58.96354925
13,87,57.71853059
13,88,60.2439343
13,89,63.46715541
13,90,49.37490851
13,91,55.53039294
13,92,44.217862
13,93,44.217862
13,94,55.61230789
13,95,52.76207199
13,96,44.60024999
13,97,38.22968047
13,98,56.61609849
13,99,53.72351
13,100,48.22678391
13,101,47.03765237
13,102,59.13554613
13,103,58.47749883
13,104,37.03134141
13,105,56.5376323
13,106,48.22678391
13,107,42.97825366
13,108,48.22678391
14,0,31.41051834
14,1,20.09569956
14,2,25.41731237
14,3,17.50935187
14,4,30.9518376
14,5,34.36866414
14,6,16.86349332
14,7,16.80432575
14,8,16.80432575
14,9,15.78099852
14,10,11.48840655
14,11,31.41051834
14,12,15.07655845
14,13,53.72351
14,14,0
14,15,27.8020569
14,16,0.84737314
14,17,19.1093921
14,18,39.25631758
14,19,22.98172072
14,20,37.28165355
14,21,20.59411978
14,22,3.834495605
14,23,39.20403595
14,24,39.20403595
14,25,10.24291062
14,26,9.513095176
14,27,14.40865317
14,28,22.18143597
14,29,16.78794272
14,30,11.68421053
14,31,34.10760754
14,32,6.672897223
14,33,32.2581742
14,34,14.71725857
14,35,53.72351
14,36,29.12657204
14,37,18.7336425
14,38,22.1489183
14,39,3.269136096
14,40,16.32044955
14,41,20.59411978
14,42,25.84404603
14,43,32.28273661
14,44,21.97411414
14,45,40.39084246
14,46,11.52526563
14,47,31.29247602
14,48,11.56406085
14,49,21.97411414
14,50,11.52489872
14,51,19.44601202
14,52,24.41797252
14,53,25.34938188
14,54,9.728518968
14,55,27.18943118
14,56,14.12012271
14,57,18.04948987
14,58,17.14484027
14,59,11.70879903
14,60,32.28273661
14,61,21.97411414
14,62,6.587983078
14,63,9.728518968
14,64,9.728518968
14,65,6.587983078
14,66,30.9518376
14,67,0
14,68,6.587983078
14,69,15.90255079
14,70,40.39084246
14,71,0
14,72,23.60838219
14,73,38.71781009
14,74,16.84448305
14,75,18.19377479
14,76,37.55512635
14,77,18.46701443
14,78,17.31829911
14,79,18.46701443
14,80,30.14307491
14,81,12.73719148
14,82,30.76151552
14,83,10.54557624
14,84,10.41147014
14,85,12.94874314
14,86,12.94874314
14,87,18.18663602
14,88,6.587983078
14,89,17.59750033
14,90,27.12729219
14,91,21.97411414
14,92,21.60621273
14,93,21.60621273
14,94,16.84112334
14,95,26.8715244
14,96,26.4494107
14,97,16.80432575
14,98,13.13353312
14,99,0
14,100,9.513095176
14,101,19.6045775
14,102,10.5585002
14,103,5.431929328
14,104,22.1489183
14,105,11.70879903
14,106,9.513095176
14,107,40.39084246
14,108,9.513095176
15,0,19.04151174
15,1,9.515975557
15,2,3.547244456
15,3,20.15765991
15,4,3.615826537
15,5,7.836209139
15,6,17.74336453
15,7,22.23055275
15,8,22.23055275
15,9,20.82149958
15,10,17.56351297
15,11,19.04151174
15,12,16.9019496
15,13,52.35570958
15,14,27.8020569
15,15,0
15,16,27.05939961
15,17,10.14315476
15,18,15.85220231
15,19,5.346314647
15,20,16.80378036
15,21,8.682980569
15,22,23.98456662
15,23,15.48923429
15,24,15.48923429
15,25,22.5126861
15,26,19.28257087
15,27,18.44386687
15,28,6.957609317
15,29,20.37770647
15,30,19.38275548
15,31,6.802789512
15,32,29.86026693
15,33,11.83806159
15,34,30.72144967
15,35,52.35570958
15,36,4.353057428
15,37,12.011215
15,38,17.70864167
15,39,29.26536565
15,40,19.67958521
15,41,8.682980569
15,42,4.840022285
15,43,19.53464536
15,44,7.498433821
15,45,17.17497325
15,46,16.91894398
15,47,3.96082235
15,48,27.18414847
15,49,7.498433821
15,50,16.33292127
15,51,46.97518289
15,52,4.765452208
15,53,2.843174619
15,54,19.10950027
15,55,8.403005948
15,56,18.28356169
15,57,14.36912754
15,58,10.91185441
15,59,39.38585802
15,60,19.53464536
15,61,7.498433821
15,62,29.57889451
15,63,19.10950027
15,64,19.10950027
15,65,29.57889451
15,66,3.615826537
15,67,27.8020569
15,68,29.57889451
15,69,12.46759145
15,70,17.17497325
15,71,27.8020569
15,72,21.08145906
15,73,12.95692263
15,74,17.21173608
15,75,14.83326609
15,76,17.19535316
15,77,14.22964886
15,78,24.25184687
15,79,14.22964886
15,80,2.435668
15,81,18.71703637
15,82,9.125866267
15,83,17.86680895
15,84,22.67023335
15,85,18.8444896
15,86,18.8444896
15,87,12.69848178
15,88,29.57889451
15,89,19.46472253
15,90,2.987116778
15,91,7.498433821
15,92,10.23173657
15,93,10.23173657
15,94,12.40993171
15,95,1.119902233
15,96,7.798752985
15,97,22.23055275
15,98,40.74241531
15,99,27.8020569
15,100,19.28257087
15,101,9.593179004
15,102,21.49850499
15,103,32.05664246
15,104,17.70864167
15,105,39.38585802
15,106,19.28257087
15,107,17.17497325
15,108,19.28257087
16,0,31.06523951
16,1,19.2776503
16,2,24.63775186
16,3,16.70498533
16,4,30.23521122
16,5,33.6894354
16,6,16.02778826
16,7,16.69944029
16,8,16.69944029
16,9,14.98501572
16,10,10.6486189
16,11,31.06523951
16,12,14.2305536
16,13,53.88386432
16,14,0.84737314
16,15,27.05939961
16,16,0
16,17,18.48210241
16,18,38.68840866
16,19,22.2048942
16,20,36.7809174
16,21,19.95219045
16,22,3.161425424
16,23,38.62710174
16,24,38.62710174
16,25,10.09653474
16,26,8.992083247
16,27,14.07561967
16,28,21.51847745
16,29,15.98609238
16,30,10.84251569
16,31,33.40107214
16,32,6.478461314
16,33,31.71399359
16,34,14.29190663
16,35,53.88386432
16,36,28.45185092
16,37,17.89599205
16,38,21.84409705
16,39,3.308591501
16,40,15.50641348
16,41,19.95219045
16,42,25.04381808
16,43,31.93882836
16,44,21.16707453
16,45,39.8337566
16,46,10.92278069
16,47,30.57716194
16,48,10.99817131
16,49,21.16707453
16,50,10.82134397
16,51,20.26251733
16,52,23.628721
16,53,24.58568532
16,54,9.208136479
16,55,26.60664851
16,56,13.76983215
16,57,17.20228541
16,58,16.36347136
16,59,12.51580718
16,60,31.93882836
16,61,21.16707453
16,62,6.360365884
16,63,9.208136479
16,64,9.208136479
16,65,6.360365884
16,66,30.23521122
16,67,0.84737314
16,68,6.360365884
16,69,15.24865379
16,70,39.8337566
16,71,0.84737314
16,72,23.41667801
16,73,38.07818622
16,74,16.00444936
16,75,17.3464754
16,76,37.05951691
16,77,17.61976218
16,78,17.31152354
16,79,17.61976218
16,80,29.39079835
16,81,11.89473684
16,82,30.17189841
16,83,9.952394949
16,84,10.28301887
16,85,12.10857117
16,86,12.10857117
16,87,17.34609007
16,88,6.360365884
16,89,16.78308611
16,90,26.43276374
16,91,21.16707453
16,92,21.04286005
16,93,21.04286005
16,94,16.01627915
16,95,26.11973398
16,96,25.85339248
16,97,16.69944029
16,98,13.94835981
16,99,0.84737314
16,100,8.992083247
16,101,18.9693615
16,102,9.745210097
16,103,5.774782879
16,104,21.84409705
16,105,12.51580718
16,106,8.992083247
16,107,39.8337566
16,108,8.992083247
17,0,15.93531925
17,1,9.065088677
17,2,9.538354165
17,3,18.16174259
17,4,12.51580718
17,5,15.42797179
17,6,15.5241747
17,7,12.49297903
17,8,12.49297903
17,9,17.91487129
17,10,11.53867167
17,11,15.93531925
17,12,13.4843101
17,13,46.8654796
17,14,19.1093921
17,15,10.14315476
17,16,18.48210241
17,17,0
17,18,20.3548196
17,19,7.697104977
17,20,18.99156658
17,21,1.562745628
17,22,15.32160794
17,23,20.25048639
17,24,20.25048639
17,25,12.43749279
17,26,9.808602762
17,27,8.329156841
17,28,3.326101709
17,29,18.00088107
17,30,14.19823648
17,31,15.44344322
17,32,22.70805368
17,33,13.60633313
17,34,26.03201025
17,35,46.8654796
17,36,10.19955366
17,37,10.72051221
17,38,9.910630596
17,39,21.22296274
17,40,17.10656808
17,41,1.562745628
17,42,10.97703901
17,43,16.73474572
17,44,8.981300071
17,45,21.55451029
17,46,7.598416212
17,47,12.82306765
17,48,21.97095886
17,49,8.981300071
17,50,7.911819346
17,51,37.60174473
17,52,9.313199841
17,53,8.778001315
17,54,9.607820245
17,55,8.276925408
17,56,8.14961275
17,57,12.82930355
17,58,6.341165926
17,59,30.23521122
17,60,16.73474572
17,61,8.981300071
17,62,22.44509935
17,63,9.607820245
17,64,9.607820245
17,65,22.44509935
17,66,12.51580718
17,67,19.1093921
17,68,22.44509935
17,69,3.323543377
17,70,21.55451029
17,71,19.1093921
17,72,13.3887711
17,73,19.61216486
17,74,14.97795936
17,75,13.4325396
17,76,19.31758444
17,77,13.00089084
17,78,14.54754685
17,79,13.00089084
17,80,12.55766882
17,81,14.0569979
17,82,11.771603
17,83,8.586529707
17,84,12.57934589
17,85,14.34000899
17,86,14.34000899
17,87,11.02579208
17,88,22.44509935
17,89,17.57402575
17,90,8.479306576
17,91,8.981300071
17,92,3.303564245
17,93,3.303564245
17,94,9.111485321
17,95,9.601683756
17,96,7.450741318
17,97,12.49297903
17,98,31.50796899
17,99,19.1093921
17,100,9.808602762
17,101,0.559113734
17,102,16.03290651
17,103,24.0132742
17,104,9.910630596
17,105,30.23521122
17,106,9.808602762
17,107,21.55451029
17,108,9.808602762
18,0,13.3966915
18,1,24.83071119
18,2,19.36281258
18,3,35.69654251
18,4,12.60048374
18,5,8.656139496
18,6,33.15429775
18,7,27.01136084
18,8,27.01136084
18,9,36.13263512
18,10,31.34984441
18,11,13.3966915
18,12,31.89607475
18,13,43.46610497
18,14,39.25631758
18,15,15.85220231
18,16,38.68840866
18,17,20.3548196
18,18,0
18,19,20.62059743
18,20,4.341490285
18,21,19.02739798
18,22,35.54928906
18,23,0.565406711
18,24,0.565406711
18,25,30.84312579
18,26,29.75575484
18,27,25.91940075
18,28,17.7777954
18,29,35.82775724
18,30,33.71076698
18,31,10.48676781
18,32,43.04013029
18,33,7.108381382
18,34,45.54132023
18,35,43.46610497
18,36,11.94370007
18,37,27.35742485
18,38,20.05200541
18,39,41.54323085
18,40,35.05637311
18,41,19.02739798
18,42,20.66144995
18,43,13.09381865
18,44,23.03336872
18,45,1.324942774
18,46,27.77640109
18,47,12.34025828
18,48,41.68618713
18,49,23.03336872
18,50,28.26583751
18,51,56.73967393
18,52,20.5246722
18,53,18.46386257
18,54,29.54171879
18,55,12.0996687
18,56,26.0337536
18,57,29.80795679
18,58,24.84958719
18,59,49.81530661
18,60,13.09381865
18,61,23.03336872
18,62,42.77399367
18,63,29.54171879
18,64,29.54171879
18,65,42.77399367
18,66,12.60048374
18,67,39.25631758
18,68,42.77399367
18,69,23.67646908
18,70,1.324942774
18,71,39.25631758
18,72,21.6545913
18,73,4.709835805
18,74,32.59880374
18,75,30.32948414
18,76,4.501844454
18,77,29.73650013
18,78,28.45838071
18,79,29.73650013
18,80,15.22626312
18,81,33.27757267
18,82,8.591446779
18,83,28.73845411
18,84,30.86371723
18,85,33.48167231
18,86,33.48167231
18,87,27.99319746
18,88,42.77399367
18,89,35.01030758
18,90,14.20809727
18,91,23.03336872
18,92,17.65011122
18,93,17.65011122
18,94,27.12266268
18,95,16.90286058
18,96,12.90410408
18,97,27.01136084
18,98,50.96248512
18,99,39.25631758
18,100,29.75575484
18,101,19.92864746
18,102,35.74262281
18,103,44.31694869
18,104,20.05200541
18,105,49.81530661
18,106,29.75575484
18,107,1.324942774
18,108,29.75575484
19,0,21.07171981
19,1,4.248717694
19,2,2.441991459
19,3,15.08153788
19,4,8.940799379
19,5,13.08618955
19,6,12.57285197
19,7,20.12648043
19,8,20.12648043
19,9,15.60865897
19,10,12.32409959
19,11,21.07171981
19,12,11.58157656
19,13,53.60426817
19,14,22.98172072
19,15,5.346314647
19,16,22.2048942
19,17,7.697104977
19,18,20.62059743
19,19,0
19,20,20.88118487
19,21,6.809519376
19,22,19.2206225
19,23,20.3176983
19,24,20.3176983
19,25,18.98115816
19,26,15.12312366
19,27,15.65239217
19,28,5.838108998
19,29,15.23758796
19,30,14.04677336
19,31,12.14820011
19,32,24.62241522
19,33,15.49364973
19,34,25.40430816
19,35,53.60426817
19,36,8.67733675
19,37,6.779583926
19,38,17.20465053
19,39,24.21171803
19,40,14.49530252
19,41,6.809519376
19,42,3.380289938
19,43,21.72387675
19,44,2.455087833
19,45,21.94211285
19,46,12.78267035
19,47,9.29040749
19,48,21.8390958
19,49,2.455087833
19,50,11.77355932
19,51,42.34281762
19,52,1.686850634
19,53,2.533369119
19,54,14.97903406
19,55,10.73105051
19,56,15.39119467
19,57,9.206210495
19,58,5.845384121
19,59,34.66396076
19,60,21.72387675
19,61,2.455087833
19,62,24.34017789
19,63,14.97903406
19,64,14.97903406
19,65,24.34017789
19,66,8.940799379
19,67,22.98172072
19,68,24.34017789
19,69,8.737351426
19,70,21.94211285
19,71,22.98172072
19,72,20.72374306
19,73,18.15457968
19,74,12.02579979
19,75,9.714863074
19,76,21.26396637
19,77,9.119141616
19,78,22.17957116
19,79,9.119141616
19,80,7.383370943
19,81,13.37108292
19,82,12.86511751
19,83,13.64550168
19,84,19.1811086
19,85,13.49839555
19,86,13.49839555
19,87,7.444808973
19,88,24.34017789
19,89,14.39355435
19,90,6.436648483
19,91,2.455087833
19,92,9.505567431
19,93,9.505567431
19,94,7.068942858
19,95,4.248005074
19,96,9.839792604
19,97,20.12648043
19,98,36.05833114
19,99,22.98172072
19,100,15.12312366
19,101,7.286384761
19,102,16.16314186
19,103,26.97790171
19,104,17.20465053
19,105,34.66396076
19,106,15.12312366
19,107,21.94211285
19,108,15.12312366
20,0,9.252992998
20,1,24.90588282
20,2,20.09563859
20,3,35.70012715
20,4,14.1227526
20,5,10.94851599
20,6,33.0793839
20,7,23.83456362
20,8,23.83456362
20,9,35.9230604
20,10,30.4204738
20,11,9.252992998
20,12,31.5491646
20,13,39.4358946
20,14,37.28165355
20,15,16.80378036
20,16,36.7809174
20,17,18.99156658
20,18,4.341490285
20,19,20.88118487
20,20,0
20,21,17.87463094
20,22,33.70076597
20,23,4.812335218
20,24,4.812335218
20,25,28.27782773
20,26,27.78887476
20,27,23.38467149
20,28,16.95623677
20,29,35.74246787
20,30,32.95652011
20,31,12.86516292
20,32,41.59105307
20,33,5.521088347
20,34,44.85488302
20,35,39.4358946
20,36,12.50083574
20,37,27.3684114
20,38,16.81135619
20,39,39.78920409
20,40,34.91873934
20,41,17.87463094
20,42,21.61138932
20,43,8.866273223
20,44,23.33609856
20,45,4.501844454
20,46,26.01200507
20,47,13.9467595
20,48,40.86506724
20,49,23.33609856
20,50,26.79921148
20,51,54.03542699
20,52,21.13535918
20,53,19.06538436
20,54,27.57281907
20,55,10.88715169
20,56,23.55752586
20,57,29.82637008
20,58,24.26005388
20,59,47.36336836
20,60,8.866273223
20,61,23.33609856
20,62,41.33541568
20,63,27.57281907
20,64,27.57281907
20,65,41.33541568
20,66,14.1227526
20,67,37.28165355
20,68,41.33541568
20,69,22.27254563
20,70,4.501844454
20,71,37.28165355
20,72,17.97137312
20,73,8.508894368
20,74,32.51439969
20,75,30.38629371
20,76,0.391764933
20,77,29.81596642
20,78,25.112628
20,79,29.81596642
20,80,16.79853349
20,81,32.65134182
20,82,8.021631014
20,83,26.93060677
20,84,28.26501372
20,85,32.89102969
20,86,32.89102969
20,87,27.94852413
20,88,41.33541568
20,89,35.03101119
20,90,14.53189016
20,91,23.33609856
20,92,15.93310302
20,93,15.93310302
20,94,26.76654161
20,95,17.72360175
20,96,11.81245055
20,97,23.83456362
20,98,48.43920476
20,99,37.28165355
20,100,27.78887476
20,101,18.65145697
20,102,34.89914668
20,103,42.50807095
20,104,16.81135619
20,105,47.36336836
20,106,27.78887476
20,107,4.501844454
20,108,27.78887476
21,0,15.51788485
21,1,8.881452643
21,2,8.395717602
21,3,18.63083806
21,4,10.96078334
21,5,13.88010385
21,6,15.97298704
21,7,13.70940544
21,8,13.70940544
21,9,18.52678474
21,10,12.54682697
21,11,15.51788485
21,12,14.08180567
21,13,47.12060601
21,14,20.59411978
21,15,8.682980569
21,16,19.95219045
21,17,1.562745628
21,18,19.02739798
21,19,6.809519376
21,20,17.87463094
21,21,0
21,22,16.79082206
21,23,18.90033426
21,24,18.90033426
21,25,13.97784336
21,26,11.34863898
21,27,9.761558661
21,28,1.776784685
21,29,18.528561
